0
0
0
0
0
0
0
0
0
0
0
0
0
0
0
0
0
0
0
0
0
0
0
0
0
0
0
0
0
0
0
0
0
0
0
0
0
0
0
0
0
0
0
0
0
0
0
0
0
0
0
0
0
0
0
0
0
0
0
0
0
0
0
0
0
0
0
0
0
0
0
0
0
0
0
0
0
0
0
0
0
0
0
0
0
0
0
0
0
0
0
0
0
0
74
7d
ab
ff
ff
96
5d
0
0
0
0
0
0
0
0
0
0
0
0
0
0
0
0
0
0
0
0
a9
fd
fd
fd
fd
fd
fd
da
1e
0
0
0
0
0
0
0
0
0
0
0
0
0
0
0
0
0
0
a9
fd
fd
fd
d5
8e
b0
fd
fd
7a
0
0
0
0
0
0
0
0
0
0
0
0
0
0
0
0
0
34
fa
fd
d2
20
c
0
6
ce
fd
8c
0
0
0
0
0
0
0
0
0
0
0
0
0
0
0
0
0
4d
fb
d2
19
0
0
0
7a
f8
fd
41
0
0
0
0
0
0
0
0
0
0
0
0
0
0
0
0
0
0
1f
12
0
0
0
0
d1
fd
fd
41
0
0
0
0
0
0
0
0
0
0
0
0
0
0
0
0
0
0
0
0
0
0
0
75
f7
fd
c6
a
0
0
0
0
0
0
0
0
0
0
0
0
0
0
0
0
0
0
0
0
0
0
4c
f7
fd
e7
3f
0
0
0
0
0
0
0
0
0
0
0
0
0
0
0
0
0
0
0
0
0
0
0
80
fd
fd
90
0
0
0
0
0
0
0
0
0
0
0
0
0
0
0
0
0
0
0
0
0
0
0
b0
f6
fd
9f
c
0
0
0
0
0
0
0
0
0
0
0
0
0
0
0
0
0
0
0
0
0
0
19
ea
fd
e9
23
0
0
0
0
0
0
0
0
0
0
0
0
0
0
0
0
0
0
0
0
0
0
0
c6
fd
fd
8d
0
0
0
0
0
0
0
0
0
0
0
0
0
0
0
0
0
0
0
0
0
0
0
4e
f8
fd
bd
c
0
0
0
0
0
0
0
0
0
0
0
0
0
0
0
0
0
0
0
0
0
0
13
c8
fd
fd
8d
0
0
0
0
0
0
0
0
0
0
0
0
0
0
0
0
0
0
0
0
0
0
0
86
fd
fd
ad
c
0
0
0
0
0
0
0
0
0
0
0
0
0
0
0
0
0
0
0
0
0
0
0
f8
fd
fd
19
0
0
0
0
0
0
0
0
0
0
0
0
0
0
0
0
0
0
0
0
0
0
0
0
f8
fd
fd
2b
14
14
14
14
5
0
5
14
14
25
96
96
96
93
a
0
0
0
0
0
0
0
0
0
f8
fd
fd
fd
fd
fd
fd
fd
a8
8f
a6
fd
fd
fd
fd
fd
fd
fd
7b
0
0
0
0
0
0
0
0
0
ae
fd
fd
fd
fd
fd
fd
fd
fd
fd
fd
fd
f9
f7
f7
a9
75
75
39
0
0
0
0
0
0
0
0
0
0
76
7b
7b
7b
a6
fd
fd
fd
9b
7b
7b
29
0
0
0
0
0
0
0
0
0
0
0
0
0
0
0
0
0
0
0
0
0
0
0
0
0
0
0
0
0
0
0
0
0
0
0
0
0
0
0
0
0
0
0
0
0
0
0
0
0
0
0
0
0
0
0
0
0
0
0
0
0
0
0
0
0
0
0
0
0
0
0
0
0
0
0
0
0
0
0
0
0
0
0
0
0
0
0
0
0
0
0
0
0
0
0
0
0
0
0
0
0
0
0
0
0
0
0
0
0
0
0
0
0
0
0
0
0
0
0
0
0
0
0
0
0
0
0
0
0
0
0
0
0
0
0
0
0
0
0
0
0
0
0
0
0
0
0
0
0
0
0
0
0
0
0
0
0
0
0
0
0
0
0
0
0
0
0
0
0
0
0
0
0
0
0
0
0
0
0
0
0
0
0
0
0
0
0
0
0
0
0
0
0
0
0
0
0
0
0
0
0
0
0
0
0
0
0
0
0
0
0
0
0
0
0
0
0
0
0
0
0
0
0
0
0
0
0
0
0
0
0
0
0
0
0
0
0
0
0
0
0
0
0
0
0
0
0
0
0
0
0
0
0
0
0
0
0
0
0
0
0
0
0
0
0
0
0
0
0
0
0
0
0
0
0
26
fe
6d
0
0
0
0
0
0
0
0
0
0
0
0
0
0
0
0
0
0
0
0
0
0
0
0
0
57
fc
52
0
0
0
0
0
0
0
0
0
0
0
0
0
0
0
0
0
0
0
0
0
0
0
0
0
87
f1
0
0
0
0
0
0
0
0
0
0
0
0
0
0
0
0
0
0
0
0
0
0
0
0
0
2d
f4
96
0
0
0
0
0
0
0
0
0
0
0
0
0
0
0
0
0
0
0
0
0
0
0
0
0
54
fe
3f
0
0
0
0
0
0
0
0
0
0
0
0
0
0
0
0
0
0
0
0
0
0
0
0
0
ca
df
b
0
0
0
0
0
0
0
0
0
0
0
0
0
0
0
0
0
0
0
0
0
0
0
0
20
fe
d8
0
0
0
0
0
0
0
0
0
0
0
0
0
0
0
0
0
0
0
0
0
0
0
0
0
5f
fe
c3
0
0
0
0
0
0
0
0
0
0
0
0
0
0
0
0
0
0
0
0
0
0
0
0
0
8c
fe
4d
0
0
0
0
0
0
0
0
0
0
0
0
0
0
0
0
0
0
0
0
0
0
0
0
39
ed
cd
8
0
0
0
0
0
0
0
0
0
0
0
0
0
0
0
0
0
0
0
0
0
0
0
0
7c
ff
a5
0
0
0
0
0
0
0
0
0
0
0
0
0
0
0
0
0
0
0
0
0
0
0
0
0
ab
fe
51
0
0
0
0
0
0
0
0
0
0
0
0
0
0
0
0
0
0
0
0
0
0
0
0
18
e8
d7
0
0
0
0
0
0
0
0
0
0
0
0
0
0
0
0
0
0
0
0
0
0
0
0
0
78
fe
9f
0
0
0
0
0
0
0
0
0
0
0
0
0
0
0
0
0
0
0
0
0
0
0
0
0
97
fe
8e
0
0
0
0
0
0
0
0
0
0
0
0
0
0
0
0
0
0
0
0
0
0
0
0
0
e4
fe
42
0
0
0
0
0
0
0
0
0
0
0
0
0
0
0
0
0
0
0
0
0
0
0
0
3d
fb
fe
42
0
0
0
0
0
0
0
0
0
0
0
0
0
0
0
0
0
0
0
0
0
0
0
0
8d
fe
cd
3
0
0
0
0
0
0
0
0
0
0
0
0
0
0
0
0
0
0
0
0
0
0
0
a
d7
fe
79
0
0
0
0
0
0
0
0
0
0
0
0
0
0
0
0
0
0
0
0
0
0
0
0
5
c6
b0
a
0
0
0
0
0
0
0
0
0
0
0
0
0
0
0
0
0
0
0
0
0
0
0
0
0
0
0
0
0
0
0
0
0
0
0
0
0
0
0
0
0
0
0
0
0
0
0
0
0
0
0
0
0
0
0
0
0
0
0
0
0
0
0
0
0
0
0
0
0
0
0
0
0
0
0
0
0
0
0
0
0
0
0
0
0
0
0
0
0
0
0
0
0
0
0
0
0
0
0
0
0
0
0
0
0
0
0
0
0
0
0
0
0
0
0
0
0
0
0
0
0
0
0
0
0
0
0
0
0
0
0
0
0
0
0
0
0
0
0
0
0
0
0
0
0
0
0
0
0
0
0
0
0
0
0
0
0
0
0
0
0
0
0
0
0
0
0
0
0
0
0
0
0
0
0
0
0
0
0
0
0
0
0
0
0
0
0
0
0
0
0
0
0
0
0
0
0
0
0
0
0
0
0
0
0
0
0
0
0
0
0
0
0
0
0
0
0
0
0
0
0
0
0
0
0
0
0
0
0
0
0
0
0
0
0
0
0
0
0
0
0
0
0
0
0
0
0
0
0
0
b
96
fd
ca
1f
0
0
0
0
0
0
0
0
0
0
0
0
0
0
0
0
0
0
0
0
0
0
0
25
fb
fb
fd
6b
0
0
0
0
0
0
0
0
0
0
0
0
0
0
0
0
0
0
0
0
0
0
15
c5
fb
fb
fd
6b
0
0
0
0
0
0
0
0
0
0
0
0
0
0
0
0
0
0
0
0
0
6e
be
fb
fb
fb
fd
a9
6d
3e
0
0
0
0
0
0
0
0
0
0
0
0
0
0
0
0
0
0
0
fd
fb
fb
fb
fb
fd
fb
fb
dc
33
0
0
0
0
0
0
0
0
0
0
0
0
0
0
0
0
0
b6
ff
fd
fd
fd
fd
ea
de
fd
fd
fd
0
0
0
0
0
0
0
0
0
0
0
0
0
0
0
0
3f
dd
fd
fb
fb
fb
93
4d
3e
80
fb
fb
69
0
0
0
0
0
0
0
0
0
0
0
0
0
0
20
e7
fb
fd
fb
dc
89
a
0
0
1f
e6
fb
f3
71
5
0
0
0
0
0
0
0
0
0
0
0
0
25
fb
fb
fd
bc
14
0
0
0
0
0
6d
fb
fd
fb
23
0
0
0
0
0
0
0
0
0
0
0
0
25
fb
fb
c9
1e
0
0
0
0
0
0
1f
c8
fd
fb
23
0
0
0
0
0
0
0
0
0
0
0
0
25
fd
fd
0
0
0
0
0
0
0
0
20
ca
ff
fd
a4
0
0
0
0
0
0
0
0
0
0
0
0
8c
fb
fb
0
0
0
0
0
0
0
0
6d
fb
fd
fb
23
0
0
0
0
0
0
0
0
0
0
0
0
d9
fb
fb
0
0
0
0
0
0
15
3f
e7
fb
fd
e6
1e
0
0
0
0
0
0
0
0
0
0
0
0
d9
fb
fb
0
0
0
0
0
0
90
fb
fb
fb
dd
3d
0
0
0
0
0
0
0
0
0
0
0
0
0
d9
fb
fb
0
0
0
0
0
b6
dd
fb
fb
fb
b4
0
0
0
0
0
0
0
0
0
0
0
0
0
0
da
fd
fd
49
49
e4
fd
fd
ff
fd
fd
fd
fd
0
0
0
0
0
0
0
0
0
0
0
0
0
0
0
71
fb
fb
fd
fb
fb
fb
fb
fd
fb
fb
fb
93
0
0
0
0
0
0
0
0
0
0
0
0
0
0
0
1f
e6
fb
fd
fb
fb
fb
fb
fd
e6
bd
23
a
0
0
0
0
0
0
0
0
0
0
0
0
0
0
0
0
3e
8e
fd
fb
fb
fb
fb
fd
6b
0
0
0
0
0
0
0
0
0
0
0
0
0
0
0
0
0
0
0
0
0
48
ae
fb
ad
47
48
1e
0
0
0
0
0
0
0
0
0
0
0
0
0
0
0
0
0
0
0
0
0
0
0
0
0
0
0
0
0
0
0
0
0
0
0
0
0
0
0
0
0
0
0
0
0
0
0
0
0
0
0
0
0
0
0
0
0
0
0
0
0
0
0
0
0
0
0
0
0
0
0
0
0
0
0
0
0
0
0
0
0
0
0
0
0
0
0
0
0
0
0
0
0
0
0
0
0
0
0
0
0
0
0
0
0
0
0
0
0
0
0
0
0
0
0
0
0
0
0
0
0
0
0
0
0
0
0
0
0
0
0
0
0
0
0
0
0
0
0
0
0
0
0
0
0
0
0
0
0
0
0
0
0
0
0
0
0
0
0
0
0
0
0
0
0
0
0
0
0
0
0
0
0
0
0
0
0
0
0
0
0
0
0
0
0
0
0
0
0
0
0
0
0
0
0
0
0
0
0
0
0
0
0
0
0
0
0
0
0
0
0
0
0
0
0
0
0
0
0
0
0
0
0
0
0
0
0
0
0
0
0
0
0
0
0
0
0
0
0
0
0
0
0
0
0
0
0
0
0
0
0
0
0
0
0
0
0
0
0
0
0
0
0
0
0
0
0
0
0
0
0
0
0
32
e0
0
0
0
0
0
0
0
46
1d
0
0
0
0
0
0
0
0
0
0
0
0
0
0
0
0
0
79
e7
0
0
0
0
0
0
0
94
a8
0
0
0
0
0
0
0
0
0
0
0
0
0
0
0
0
4
c3
e7
0
0
0
0
0
0
0
60
d2
b
0
0
0
0
0
0
0
0
0
0
0
0
0
0
0
45
fc
86
0
0
0
0
0
0
0
72
fc
15
0
0
0
0
0
0
0
0
0
0
0
0
0
0
2d
ec
d9
c
0
0
0
0
0
0
0
c0
fc
15
0
0
0
0
0
0
0
0
0
0
0
0
0
0
a8
f7
35
0
0
0
0
0
0
0
12
ff
fd
15
0
0
0
0
0
0
0
0
0
0
0
0
0
54
f2
d3
0
0
0
0
0
0
0
0
8d
fd
bd
5
0
0
0
0
0
0
0
0
0
0
0
0
0
a9
fc
6a
0
0
0
0
0
0
0
20
e8
fa
42
0
0
0
0
0
0
0
0
0
0
0
0
0
f
e1
fc
0
0
0
0
0
0
0
0
86
fc
d3
0
0
0
0
0
0
0
0
0
0
0
0
0
0
16
fc
a4
0
0
0
0
0
0
0
0
a9
fc
a7
0
0
0
0
0
0
0
0
0
0
0
0
0
0
9
cc
d1
12
0
0
0
0
0
0
16
fd
fd
6b
0
0
0
0
0
0
0
0
0
0
0
0
0
0
0
a9
fc
c7
55
55
55
55
81
a4
c3
fc
fc
6a
0
0
0
0
0
0
0
0
0
0
0
0
0
0
0
29
aa
f5
fc
fc
fc
fc
e8
e7
fb
fc
fc
9
0
0
0
0
0
0
0
0
0
0
0
0
0
0
0
0
0
31
54
54
54
54
0
0
a1
fc
fc
0
0
0
0
0
0
0
0
0
0
0
0
0
0
0
0
0
0
0
0
0
0
0
0
0
7f
fc
fc
2d
0
0
0
0
0
0
0
0
0
0
0
0
0
0
0
0
0
0
0
0
0
0
0
0
80
fd
fd
0
0
0
0
0
0
0
0
0
0
0
0
0
0
0
0
0
0
0
0
0
0
0
0
0
7f
fc
fc
0
0
0
0
0
0
0
0
0
0
0
0
0
0
0
0
0
0
0
0
0
0
0
0
0
87
fc
f4
0
0
0
0
0
0
0
0
0
0
0
0
0
0
0
0
0
0
0
0
0
0
0
0
0
e8
ec
6f
0
0
0
0
0
0
0
0
0
0
0
0
0
0
0
0
0
0
0
0
0
0
0
0
0
b3
42
0
0
0
0
0
0
0
0
0
0
0
0
0
0
0
0
0
0
0
0
0
0
0
0
0
0
0
0
0
0
0
0
0
0
0
0
0
0
0
0
0
0
0
0
0
0
0
0
0
0
0
0
0
0
0
0
0
0
0
0
0
0
0
0
0
0
0
0
0
0
0
0
0
0
0
0
0
0
0
0
0
0
0
0
0
0
0
0
0
0
0
0
0
0
0
0
0
0
0
0
0
0
0
0
0
0
0
0
0
0
0
0
0
0
0
0
0
0
0
0
0
0
0
0
0
0
0
0
0
0
0
0
0
0
0
0
0
0
0
0
0
0
0
0
0
0
0
0
0
0
0
0
0
0
0
0
0
0
0
0
0
0
0
0
0
0
0
0
0
0
0
0
0
0
0
0
0
0
0
0
0
0
0
0
0
0
0
0
0
0
0
0
0
0
0
0
0
0
0
0
0
0
0
0
0
0
0
0
0
0
0
0
0
0
0
0
0
0
0
0
0
0
0
0
0
0
0
0
0
0
0
0
0
0
0
0
0
0
0
0
0
0
0
0
0
0
0
0
0
0
4d
fe
6b
3
0
0
0
0
0
0
0
0
0
0
0
0
0
0
0
0
0
0
0
0
0
0
0
13
e3
fe
fe
9
0
0
0
0
0
0
0
0
0
0
0
0
0
0
0
0
0
0
0
0
0
0
0
51
fe
fe
a5
1
0
0
0
0
0
0
0
0
0
0
0
0
0
0
0
0
0
0
0
0
0
0
7
cb
fe
fe
49
0
0
0
0
0
0
0
0
0
0
0
0
0
0
0
0
0
0
0
0
0
0
0
35
fe
fe
fa
0
0
0
0
0
0
0
0
0
0
0
0
0
0
0
0
0
0
0
0
0
0
0
0
86
fe
fe
b4
0
0
0
0
0
0
0
0
0
0
0
0
0
0
0
0
0
0
0
0
0
0
0
0
c4
fe
f8
30
0
0
0
0
0
0
0
0
0
0
0
0
0
0
0
0
0
0
0
0
0
0
0
3a
fe
fe
ed
0
0
0
0
0
0
0
0
0
0
0
0
0
0
0
0
0
0
0
0
0
0
0
0
6f
fe
fe
84
0
0
0
0
0
0
0
0
0
0
0
0
0
0
0
0
0
0
0
0
0
0
0
0
a3
fe
ee
1c
0
0
0
0
0
0
0
0
0
0
0
0
0
0
0
0
0
0
0
0
0
0
0
3c
fc
fe
df
0
0
0
0
0
0
0
0
0
0
0
0
0
0
0
0
0
0
0
0
0
0
0
0
4f
fe
fe
9a
0
0
0
0
0
0
0
0
0
0
0
0
0
0
0
0
0
0
0
0
0
0
0
0
a3
fe
ee
35
0
0
0
0
0
0
0
0
0
0
0
0
0
0
0
0
0
0
0
0
0
0
0
1c
fc
fe
d2
0
0
0
0
0
0
0
0
0
0
0
0
0
0
0
0
0
0
0
0
0
0
0
0
56
fe
fe
83
0
0
0
0
0
0
0
0
0
0
0
0
0
0
0
0
0
0
0
0
0
0
0
0
69
fe
ea
14
0
0
0
0
0
0
0
0
0
0
0
0
0
0
0
0
0
0
0
0
0
0
0
0
af
fe
cc
5
0
0
0
0
0
0
0
0
0
0
0
0
0
0
0
0
0
0
0
0
0
0
0
5
d3
fe
c4
0
0
0
0
0
0
0
0
0
0
0
0
0
0
0
0
0
0
0
0
0
0
0
0
3
9e
fe
a0
0
0
0
0
0
0
0
0
0
0
0
0
0
0
0
0
0
0
0
0
0
0
0
0
0
1a
9d
6b
0
0
0
0
0
0
0
0
0
0
0
0
0
0
0
0
0
0
0
0
0
0
0
0
0
0
0
0
0
0
0
0
0
0
0
0
0
0
0
0
0
0
0
0
0
0
0
0
0
0
0
0
0
0
0
0
0
0
0
0
0
0
0
0
0
0
0
0
0
0
0
0
0
0
0
0
0
0
0
0
0
0
0
0
0
0
0
0
0
0
0
0
0
0
0
0
0
0
0
0
0
0
0
0
0
0
0
0
0
0
0
0
0
0
0
0
0
0
0
0
0
0
0
0
0
0
0
0
0
0
0
0
0
0
0
0
0
0
0
0
0
0
0
0
0
0
0
0
0
0
0
0
0
0
0
0
0
0
0
0
0
0
0
0
0
0
0
0
0
0
0
0
0
0
0
0
0
0
0
0
0
0
0
0
0
0
0
0
0
0
0
0
0
0
0
0
0
0
0
0
0
0
0
0
0
0
0
0
0
0
0
0
0
0
0
0
0
0
0
0
0
0
0
0
0
0
0
0
0
0
0
0
0
0
0
0
0
0
0
0
0
0
0
0
0
0
0
16
c0
86
20
0
0
0
0
0
0
0
0
f
4d
5
0
0
0
0
0
0
0
0
0
0
0
0
11
eb
fa
a9
0
0
0
0
0
0
0
0
f
dc
f1
25
0
0
0
0
0
0
0
0
0
0
0
14
bd
fd
93
0
0
0
0
0
0
0
0
0
8b
fd
64
0
0
0
0
0
0
0
0
0
0
0
0
46
fd
fd
15
0
0
0
0
0
0
0
0
2b
fe
ad
d
0
0
0
0
0
0
0
0
0
0
0
16
99
fd
60
0
0
0
0
0
0
0
0
2b
e7
fe
5c
0
0
0
0
0
0
0
0
0
0
0
0
a3
ff
cc
b
0
0
0
0
0
0
0
0
68
fe
9e
0
0
0
0
0
0
0
0
0
0
0
0
0
a2
fd
b2
5
0
0
0
0
0
0
9
83
ed
fd
0
0
0
0
0
0
0
0
0
0
0
0
0
0
a2
fd
fd
bf
af
46
46
46
46
85
c5
fd
fd
a9
0
0
0
0
0
0
0
0
0
0
0
0
0
0
33
e4
fd
fd
fe
fd
fd
fd
fd
fe
fd
fd
db
23
0
0
0
0
0
0
0
0
0
0
0
0
0
0
0
11
41
89
fe
e8
89
89
89
2c
fd
fd
a1
0
0
0
0
0
0
0
0
0
0
0
0
0
0
0
0
0
0
0
0
0
0
0
0
22
fe
ce
15
0
0
0
0
0
0
0
0
0
0
0
0
0
0
0
0
0
0
0
0
0
0
0
0
a0
fd
45
0
0
0
0
0
0
0
0
0
0
0
0
0
0
0
0
0
0
0
0
0
0
0
0
55
fe
f1
32
0
0
0
0
0
0
0
0
0
0
0
0
0
0
0
0
0
0
0
0
0
0
0
0
9e
fe
a5
0
0
0
0
0
0
0
0
0
0
0
0
0
0
0
0
0
0
0
0
0
0
0
0
0
e7
f4
32
0
0
0
0
0
0
0
0
0
0
0
0
0
0
0
0
0
0
0
0
0
0
0
0
68
fe
e8
0
0
0
0
0
0
0
0
0
0
0
0
0
0
0
0
0
0
0
0
0
0
0
0
0
d0
fd
9d
0
d
1e
0
0
0
0
0
0
0
0
0
0
0
0
0
0
0
0
0
0
0
0
0
0
d0
fd
9a
5b
cc
a1
0
0
0
0
0
0
0
0
0
0
0
0
0
0
0
0
0
0
0
0
0
0
d0
fd
fe
fd
9a
1d
0
0
0
0
0
0
0
0
0
0
0
0
0
0
0
0
0
0
0
0
0
0
3d
be
80
17
6
0
0
0
0
0
0
0
0
0
0
0
0
0
0
0
0
0
0
0
0
0
0
0
0
0
0
0
0
0
0
0
0
0
0
0
0
0
0
0
0
0
0
0
0
0
0
0
0
0
0
0
0
0
0
0
0
0
0
0
0
0
0
0
0
0
0
0
0
0
0
0
0
0
0
0
0
0
0
0
0
0
0
0
0
0
0
0
0
0
0
0
0
0
0
0
0
0
0
0
0
0
0
0
0
0
0
0
0
0
0
0
0
0
0
0
0
0
0
0
0
0
0
0
0
0
0
0
0
0
0
0
0
0
0
0
0
0
0
0
0
0
0
0
0
0
0
0
0
0
0
0
0
0
0
0
0
0
0
0
0
0
0
0
0
0
0
0
0
0
0
0
0
0
0
0
0
0
0
0
0
0
0
0
0
0
0
0
0
0
0
0
0
0
0
0
0
0
0
0
0
0
0
0
0
0
0
0
0
0
0
0
0
0
0
0
0
0
0
0
0
0
0
0
0
0
0
0
0
0
0
0
0
0
0
0
0
0
0
0
0
0
0
0
0
0
0
0
0
0
0
0
0
0
0
0
0
0
0
0
0
0
0
0
0
0
0
0
0
0
0
0
0
0
e
95
c1
5
0
0
0
0
0
0
0
0
0
0
0
0
0
0
0
0
0
0
0
0
0
0
0
5b
e0
fd
fd
13
0
0
0
0
0
0
0
0
0
0
0
0
0
0
0
0
0
0
0
0
0
0
1c
eb
fe
fd
fd
a6
12
0
0
0
0
0
0
0
0
0
0
0
0
0
0
0
0
0
0
0
0
0
90
fd
fe
fd
fd
fd
ee
73
6
0
0
0
0
0
0
0
0
0
0
0
0
0
0
0
0
0
0
1f
f1
fd
d0
b9
fd
fd
fd
e7
18
0
0
0
0
0
0
0
0
0
0
0
0
0
0
0
0
0
0
4f
fe
c1
0
8
62
db
fe
ff
c9
12
0
0
0
0
0
0
0
0
0
0
0
0
0
0
0
0
0
56
fd
50
0
0
0
b6
fd
fe
bf
c
0
0
0
0
0
0
0
0
0
0
0
0
0
0
0
0
0
af
fd
9b
0
0
0
ea
fd
fe
87
0
0
0
0
0
0
0
0
0
0
0
0
0
0
0
0
0
0
56
fd
d0
28
55
a6
fb
ed
fe
ec
2a
0
0
0
0
0
0
0
0
0
0
0
0
0
0
0
0
0
12
ee
fd
fe
fd
fd
b9
24
d8
fd
98
0
0
0
0
0
0
0
0
0
0
0
0
0
0
0
0
0
0
44
f0
ff
fe
91
8
0
86
fe
df
23
0
0
0
0
0
0
0
0
0
0
0
0
0
0
0
0
0
0
44
9e
8e
c
0
0
9
af
fd
a1
0
0
0
0
0
0
0
0
0
0
0
0
0
0
0
0
0
0
0
0
0
0
0
0
0
58
fd
e2
12
0
0
0
0
0
0
0
0
0
0
0
0
0
0
0
0
0
0
0
0
0
0
0
0
2
a6
fd
7e
0
0
0
0
0
0
0
0
0
0
0
0
0
0
0
0
0
0
0
0
0
0
0
0
0
30
f5
fd
26
0
0
0
0
0
0
0
0
0
0
0
0
0
0
0
0
0
0
0
0
0
0
0
0
0
73
fe
ac
9
0
0
0
0
0
0
0
0
0
0
0
0
0
0
0
0
0
0
0
0
0
0
0
0
15
da
fe
2e
0
0
0
0
0
0
0
0
0
0
0
0
0
0
0
0
0
0
0
0
0
0
0
0
0
1e
fe
a5
0
0
0
0
0
0
0
0
0
0
0
0
0
0
0
0
0
0
0
0
0
0
0
0
0
0
ba
f4
2a
0
0
0
0
0
0
0
0
0
0
0
0
0
0
0
0
0
0
0
0
0
0
0
0
0
e
df
4e
0
0
0
0
0
0
0
0
0
0
0
0
0
0
0
0
0
0
0
0
0
0
0
0
0
0
0
0
0
0
0
0
0
0
0
0
0
0
0
0
0
0
0
0
0
0
0
0
0
0
0
0
0
0
0
0
0
0
0
0
0
0
0
0
0
0
0
0
0
0
0
0
0
0
0
0
0
0
0
0
0
0
0
0
0
0
0
0
0
0
0
0
0
0
0
0
0
0
0
0
0
0
0
0
0
0
0
0
0
0
0
0
0
0
0
0
0
0
0
0
0
0
0
0
0
0
0
0
0
0
0
0
0
0
0
0
0
0
0
0
0
0
0
0
0
0
0
0
0
0
0
0
0
0
0
0
0
0
0
0
0
0
0
0
0
0
0
0
0
0
0
0
0
0
0
0
0
0
0
0
0
0
0
0
0
0
0
0
0
11
2f
2f
2f
10
81
55
2f
0
0
0
0
0
0
0
0
0
0
0
0
0
0
0
0
0
0
4b
99
d9
fd
fd
fd
d7
f6
fd
fd
0
0
0
0
0
0
0
0
0
0
0
0
0
0
0
23
8e
f4
fc
fd
fd
fd
fd
fd
fd
fd
fd
fd
0
0
0
0
0
0
0
0
0
0
0
0
0
0
0
3f
fd
fd
fd
fd
fd
fd
fd
d5
aa
aa
aa
aa
0
0
0
0
0
0
0
0
0
0
0
14
84
48
0
39
ee
e3
ee
a8
7c
45
14
b
0
0
0
0
0
0
0
0
0
0
0
0
0
0
b
ce
fd
4e
0
0
20
0
1e
2
0
0
0
0
0
0
0
0
0
0
0
0
0
0
0
0
0
6
b1
fd
84
a
0
0
0
0
0
0
0
0
0
0
0
0
0
0
0
0
0
0
0
0
0
0
c
85
fd
e9
f
0
0
0
0
0
0
0
0
0
0
0
0
0
0
0
0
0
0
0
0
0
0
0
5c
fd
df
1c
0
0
0
0
0
0
0
0
0
0
0
0
0
0
0
0
0
0
0
0
0
0
0
0
96
fd
ae
0
0
0
0
0
0
0
0
0
0
0
0
0
0
0
0
0
0
0
0
0
0
0
0
0
ea
fd
f6
7f
31
0
0
0
0
0
0
0
0
0
0
0
0
0
0
0
0
0
0
0
0
0
0
0
ff
fd
fd
fd
fb
93
5b
79
55
2a
2a
55
1c
0
0
0
0
0
0
0
0
0
0
0
0
0
0
0
8b
fd
fd
fd
fd
fd
fd
fd
fd
fd
fd
fd
e8
a8
0
0
0
0
0
0
0
0
0
0
0
0
0
0
3
35
da
de
fb
fd
fd
fd
fd
fd
fd
fd
fd
fc
7c
0
0
0
0
0
0
0
0
0
0
0
0
0
0
0
0
0
43
48
c8
fd
fd
fd
fd
fd
fd
fd
af
0
0
0
0
0
0
0
0
0
0
0
0
0
0
0
0
0
0
0
78
fd
f9
98
33
a4
fd
fd
af
0
0
0
0
0
0
0
0
0
0
0
0
0
0
0
0
0
0
0
32
fd
fd
fd
bc
fc
fd
fd
94
0
0
0
0
0
0
0
0
0
0
0
0
0
0
0
0
0
0
0
9
a7
fd
fd
fd
fd
fa
af
b
0
0
0
0
0
0
0
0
0
0
0
0
0
0
0
0
0
0
0
0
17
b4
e7
fd
dd
80
0
0
0
0
0
0
0
0
0
0
0
0
0
0
0
0
0
0
0
0
0
0
0
0
5d
95
16
0
0
0
0
0
0
0
0
0
0
0
0
0
0
0
0
0
0
0
0
0
0
0
0
0
0
0
0
0
0
0
0
0
0
0
0
0
0
0
0
0
0
0
0
0
0
0
0
0
0
0
0
0
0
0
0
0
0
0
0
0
0
0
0
0
0
0
0
0
0
0
0
0
0
0
0
0
0
0
0
0
0
0
0
0
0
0
0
0
0
0
0
0
0
0
0
0
0
0
0
0
0
0
0
0
0
0
0
0
0
0
0
0
0
0
0
0
0
0
0
0
0
0
0
0
0
0
0
0
0
0
0
0
0
0
0
0
0
0
0
0
0
0
0
0
0
0
0
0
0
0
0
0
0
0
0
0
0
0
0
0
0
0
0
0
0
0
0
0
0
0
0
0
0
0
0
0
0
0
0
0
0
0
0
0
0
0
0
0
0
0
0
0
0
0
0
0
0
0
0
0
0
0
0
0
0
0
0
0
0
0
0
0
0
0
0
0
0
0
0
0
0
0
0
0
0
0
0
0
0
0
0
0
0
0
0
0
0
0
0
0
0
0
0
0
0
0
0
0
0
0
0
0
0
0
0
0
0
0
0
0
0
0
0
0
0
0
0
0
0
0
0
0
0
0
0
0
0
0
0
0
0
0
0
0
0
0
0
0
0
0
0
0
0
0
0
0
0
0
0
0
0
0
0
0
0
0
0
0
0
0
0
0
0
0
0
0
0
0
0
0
0
0
0
0
0
0
0
0
0
0
0
24
38
89
c9
c7
5f
25
0
0
0
0
0
0
0
0
0
0
0
0
0
0
0
0
0
0
0
2d
98
ea
fe
fe
fe
fe
fe
fa
d3
97
6
0
0
0
0
0
0
0
0
0
0
0
0
0
0
2e
99
f0
fe
fe
e3
a6
85
fb
c8
fe
e5
e1
68
0
0
0
0
0
0
0
0
0
0
0
0
0
99
ea
fe
fe
bb
8e
8
0
0
bf
28
c6
f6
df
fd
15
0
0
0
0
0
0
0
0
0
0
8
7e
fd
fe
e9
80
b
0
0
0
0
d2
2b
46
fe
fe
fe
15
0
0
0
0
0
0
0
0
0
0
48
f3
fe
e4
36
0
0
0
0
3
20
74
e1
f2
fe
ff
a2
5
0
0
0
0
0
0
0
0
0
0
4b
f0
fe
df
6d
8a
b2
b2
a9
d2
fb
e7
fe
fe
fe
e8
26
0
0
0
0
0
0
0
0
0
0
0
9
af
f4
fd
ff
fe
fe
fb
fe
fe
fe
fe
fe
fc
ab
19
0
0
0
0
0
0
0
0
0
0
0
0
0
0
10
88
c3
b0
92
99
c8
fe
fe
fe
fe
96
10
0
0
0
0
0
0
0
0
0
0
0
0
0
0
0
0
0
0
0
0
0
a2
fe
fe
f1
63
3
0
0
0
0
0
0
0
0
0
0
0
0
0
0
0
0
0
0
0
0
0
76
fa
fe
fe
5a
0
0
0
0
0
0
0
0
0
0
0
0
0
0
0
0
0
0
0
0
0
0
64
f2
fe
fe
d3
7
0
0
0
0
0
0
0
0
0
0
0
0
0
0
0
0
0
0
0
0
0
36
f1
fe
fe
f2
3b
0
0
0
0
0
0
0
0
0
0
0
0
0
0
0
0
0
0
0
0
0
0
83
fe
fe
f4
40
0
0
0
0
0
0
0
0
0
0
0
0
0
0
0
0
0
0
0
0
0
0
d
f9
fe
fe
98
0
0
0
0
0
0
0
0
0
0
0
0
0
0
0
0
0
0
0
0
0
0
c
e4
fe
fe
d0
8
0
0
0
0
0
0
0
0
0
0
0
0
0
0
0
0
0
0
0
0
0
0
4e
ff
fe
fe
42
0
0
0
0
0
0
0
0
0
0
0
0
0
0
0
0
0
0
0
0
0
0
0
d1
fe
fe
89
0
0
0
0
0
0
0
0
0
0
0
0
0
0
0
0
0
0
0
0
0
0
0
0
e3
ff
e9
19
0
0
0
0
0
0
0
0
0
0
0
0
0
0
0
0
0
0
0
0
0
0
0
0
71
ff
6c
0
0
0
0
0
0
0
0
0
0
0
0
0
0
0
0
0
0
0
0
0
0
0
0
0
0
0
0
0
0
0
0
0
0
0
0
0
0
0
0
0
0
0
0
0
0
0
0
0
0
0
0
0
0
0
0
0
0
0
0
0
0
0
0
0
0
0
0
0
0
0
0
0
0
0
0
0
0
0
0
0
0
0
0
0
0
0
0
0
0
0
0
0
0
0
0
0
0
0
0
0
0
0
0
0
0
0
0
0
0
0
0
0
0
0
0
0
0
0
0
0
0
0
0
0
0
0
0
0
0
0
0
0
0
0
0
0
0
0
0
0
0
0
0
0
0
0
0
0
0
0
0
0
0
0
0
0
0
0
0
0
0
0
0
0
0
0
3d
3
2a
76
c1
76
76
3d
0
0
0
0
0
0
0
0
0
0
0
0
0
0
0
0
0
0
e
b3
f5
ec
f2
fe
fe
fe
fe
f5
eb
54
0
0
0
0
0
0
0
0
0
0
0
0
0
0
0
0
97
fe
fe
fe
d5
c0
b2
b2
b4
fe
fe
f1
2e
0
0
0
0
0
0
0
0
0
0
0
0
0
0
2b
eb
fe
e2
40
1c
c
0
0
2
80
fc
ff
ad
11
0
0
0
0
0
0
0
0
0
0
0
0
0
38
fe
fd
6b
0
0
0
0
0
0
0
86
fa
fe
4b
0
0
0
0
0
0
0
0
0
0
0
0
0
3f
fe
9e
0
0
0
0
0
0
0
0
0
dd
fe
9d
0
0
0
0
0
0
0
0
0
0
0
0
0
c2
fe
67
0
0
0
0
0
0
0
0
0
96
fe
d5
0
0
0
0
0
0
0
0
0
0
0
0
22
dc
ef
3a
0
0
0
0
0
0
0
0
0
54
fe
d5
0
0
0
0
0
0
0
0
0
0
0
0
7e
fe
ab
0
0
0
0
0
0
0
0
0
0
54
fe
d5
0
0
0
0
0
0
0
0
0
0
0
0
d6
ef
3c
0
0
0
0
0
0
0
0
0
0
54
fe
d5
0
0
0
0
0
0
0
0
0
0
0
0
d6
c7
0
0
0
0
0
0
0
0
0
0
0
54
fe
d5
0
0
0
0
0
0
0
0
0
0
0
b
db
c7
0
0
0
0
0
0
0
0
0
0
0
54
fe
d5
0
0
0
0
0
0
0
0
0
0
0
62
fe
c7
0
0
0
0
0
0
0
0
0
0
0
a2
fe
d1
0
0
0
0
0
0
0
0
0
0
0
62
fe
c7
0
0
0
0
0
0
0
0
0
0
33
ee
fe
4b
0
0
0
0
0
0
0
0
0
0
0
62
fe
c7
0
0
0
0
0
0
0
0
0
33
a5
fe
c3
4
0
0
0
0
0
0
0
0
0
0
0
42
f1
c7
0
0
0
0
0
0
0
0
3
a7
fe
e3
37
0
0
0
0
0
0
0
0
0
0
0
0
0
d6
d5
14
0
0
0
0
0
2e
98
ca
fe
fe
3f
0
0
0
0
0
0
0
0
0
0
0
0
0
0
d6
fe
cc
b4
b4
b4
b4
b4
eb
fe
fe
ea
9c
a
0
0
0
0
0
0
0
0
0
0
0
0
0
0
51
cd
fe
fe
fe
fe
fe
fe
fe
fc
ea
78
0
0
0
0
0
0
0
0
0
0
0
0
0
0
0
0
0
1a
d2
fe
fe
fe
fe
fe
99
68
0
0
0
0
0
0
0
0
0
0
0
0
0
0
0
0
0
0
0
0
0
0
0
0
0
0
0
0
0
0
0
0
0
0
0
0
0
0
0
0
0
0
0
0
0
0
0
0
0
0
0
0
0
0
0
0
0
0
0
0
0
0
0
0
0
0
0
0
0
0
0
0
0
0
0
0
0
0
0
0
0
0
0
0
0
0
0
0
0
0
0
0
0
0
0
0
0
0
0
0
0
0
0
0
0
0
0
0
0
0
0
0
0
0
0
0
0
0
0
0
0
0
0
